problem_data_file,solution_data_file,git_info.C3DataUtilities.branch,git_info.C3DataUtilities.commit,git_info.C3DataUtilities.date,git_info.C3DataUtilities.query_return_code,git_info.C3DataUtilities.query_err,git_info.C3DataUtilities.branch_return_code,git_info.C3DataUtilities.branch_err,git_info.C3DataUtilities.query_path,git_info.C3DataUtilities.query_out,git_info.C3DataUtilities.branch_out,git_info.Bid-DS-data-model.branch,git_info.Bid-DS-data-model.commit,git_info.Bid-DS-data-model.date,git_info.Bid-DS-data-model.query_return_code,git_info.Bid-DS-data-model.query_err,git_info.Bid-DS-data-model.branch_return_code,git_info.Bid-DS-data-model.branch_err,git_info.Bid-DS-data-model.query_path,git_info.Bid-DS-data-model.query_out,git_info.Bid-DS-data-model.branch_out,problem.general.timestamp_start,problem.general.timestamp_stop,problem.general.season,problem.general.electricity_demand,problem.general.vre_availability,problem.general.solar_availability,problem.general.wind_availability,problem.general.weather_temperature,problem.general.day_type,problem.general.net_load,problem.general.base_norm_mva,problem.violation costs.p_bus_vio_cost,problem.violation costs.q_bus_vio_cost,problem.violation costs.s_vio_cost,problem.violation costs.e_vio_cost,problem.num buses,problem.num ac lines,problem.num dc lines,problem.num transformers,problem.num shunts,problem.num simple dispatchable devices,problem.num producing devices,problem.num consuming devices,problem.num real power reserve zones,problem.num reactive power reserve zones,problem.num intervals,problem.num contingencies,problem.total duration,problem.interval durations,problem.p_pr_0,problem.p_cs_0,problem.q_pr_0,problem.q_cs_0,problem.u_pr_0,problem.u_cs_0,problem.u_acl_0,problem.u_xfr_0,problem.reserve_info.min_zone_rgu_short_cost,problem.reserve_info.med_zone_rgu_short_cost,problem.reserve_info.max_zone_rgu_short_cost,problem.reserve_info.rng_zone_rgu_short_cost,problem.reserve_info.min_zone_rgd_short_cost,problem.reserve_info.med_zone_rgd_short_cost,problem.reserve_info.max_zone_rgd_short_cost,problem.reserve_info.rng_zone_rgd_short_cost,problem.reserve_info.min_zone_scr_short_cost,problem.reserve_info.med_zone_scr_short_cost,problem.reserve_info.max_zone_scr_short_cost,problem.reserve_info.rng_zone_scr_short_cost,problem.reserve_info.min_zone_nsc_short_cost,problem.reserve_info.med_zone_nsc_short_cost,problem.reserve_info.max_zone_nsc_short_cost,problem.reserve_info.rng_zone_nsc_short_cost,problem.reserve_info.min_zone_rru_short_cost,problem.reserve_info.med_zone_rru_short_cost,problem.reserve_info.max_zone_rru_short_cost,problem.reserve_info.rng_zone_rru_short_cost,problem.reserve_info.min_zone_rrd_short_cost,problem.reserve_info.med_zone_rrd_short_cost,problem.reserve_info.max_zone_rrd_short_cost,problem.reserve_info.rng_zone_rrd_short_cost,problem.reserve_info.min_zone_qru_short_cost,problem.reserve_info.med_zone_qru_short_cost,problem.reserve_info.max_zone_qru_short_cost,problem.reserve_info.rng_zone_qru_short_cost,problem.reserve_info.min_zone_qrd_short_cost,problem.reserve_info.med_zone_qrd_short_cost,problem.reserve_info.max_zone_qrd_short_cost,problem.reserve_info.rng_zone_qrd_short_cost,problem.reserve_info.min_zone_rgu_req_scale,problem.reserve_info.med_zone_rgu_req_scale,problem.reserve_info.max_zone_rgu_req_scale,problem.reserve_info.rng_zone_rgu_req_scale,problem.reserve_info.min_zone_rgd_req_scale,problem.reserve_info.med_zone_rgd_req_scale,problem.reserve_info.max_zone_rgd_req_scale,problem.reserve_info.rng_zone_rgd_req_scale,problem.reserve_info.min_zone_scr_req_scale,problem.reserve_info.med_zone_scr_req_scale,problem.reserve_info.max_zone_scr_req_scale,problem.reserve_info.rng_zone_scr_req_scale,problem.reserve_info.min_zone_nsc_req_scale,problem.reserve_info.med_zone_nsc_req_scale,problem.reserve_info.max_zone_nsc_req_scale,problem.reserve_info.rng_zone_nsc_req_scale,problem.reserve_info.min_zone_min_time_rru_req,problem.reserve_info.med_zone_min_time_rru_req,problem.reserve_info.max_zone_min_time_rru_req,problem.reserve_info.rng_zone_min_time_rru_req,problem.reserve_info.min_zone_med_time_rru_req,problem.reserve_info.med_zone_med_time_rru_req,problem.reserve_info.max_zone_med_time_rru_req,problem.reserve_info.rng_zone_med_time_rru_req,problem.reserve_info.min_zone_max_time_rru_req,problem.reserve_info.med_zone_max_time_rru_req,problem.reserve_info.max_zone_max_time_rru_req,problem.reserve_info.rng_zone_max_time_rru_req,problem.reserve_info.min_zone_rng_time_rru_req,problem.reserve_info.med_zone_rng_time_rru_req,problem.reserve_info.max_zone_rng_time_rru_req,problem.reserve_info.rng_zone_rng_time_rru_req,problem.reserve_info.min_zone_min_time_rrd_req,problem.reserve_info.med_zone_min_time_rrd_req,problem.reserve_info.max_zone_min_time_rrd_req,problem.reserve_info.rng_zone_min_time_rrd_req,problem.reserve_info.min_zone_med_time_rrd_req,problem.reserve_info.med_zone_med_time_rrd_req,problem.reserve_info.max_zone_med_time_rrd_req,problem.reserve_info.rng_zone_med_time_rrd_req,problem.reserve_info.min_zone_max_time_rrd_req,problem.reserve_info.med_zone_max_time_rrd_req,problem.reserve_info.max_zone_max_time_rrd_req,problem.reserve_info.rng_zone_max_time_rrd_req,problem.reserve_info.min_zone_rng_time_rrd_req,problem.reserve_info.med_zone_rng_time_rrd_req,problem.reserve_info.max_zone_rng_time_rrd_req,problem.reserve_info.rng_zone_rng_time_rrd_req,problem.reserve_info.min_zone_min_time_qru_req,problem.reserve_info.med_zone_min_time_qru_req,problem.reserve_info.max_zone_min_time_qru_req,problem.reserve_info.rng_zone_min_time_qru_req,problem.reserve_info.min_zone_med_time_qru_req,problem.reserve_info.med_zone_med_time_qru_req,problem.reserve_info.max_zone_med_time_qru_req,problem.reserve_info.rng_zone_med_time_qru_req,problem.reserve_info.min_zone_max_time_qru_req,problem.reserve_info.med_zone_max_time_qru_req,problem.reserve_info.max_zone_max_time_qru_req,problem.reserve_info.rng_zone_max_time_qru_req,problem.reserve_info.min_zone_rng_time_qru_req,problem.reserve_info.med_zone_rng_time_qru_req,problem.reserve_info.max_zone_rng_time_qru_req,problem.reserve_info.rng_zone_rng_time_qru_req,problem.reserve_info.min_zone_min_time_qrd_req,problem.reserve_info.med_zone_min_time_qrd_req,problem.reserve_info.max_zone_min_time_qrd_req,problem.reserve_info.rng_zone_min_time_qrd_req,problem.reserve_info.min_zone_med_time_qrd_req,problem.reserve_info.med_zone_med_time_qrd_req,problem.reserve_info.max_zone_med_time_qrd_req,problem.reserve_info.rng_zone_med_time_qrd_req,problem.reserve_info.min_zone_max_time_qrd_req,problem.reserve_info.med_zone_max_time_qrd_req,problem.reserve_info.max_zone_max_time_qrd_req,problem.reserve_info.rng_zone_max_time_qrd_req,problem.reserve_info.min_zone_rng_time_qrd_req,problem.reserve_info.med_zone_rng_time_qrd_req,problem.reserve_info.max_zone_rng_time_qrd_req,problem.reserve_info.rng_zone_rng_time_qrd_req,problem.t_supply_demand,problem.value_exchanged,problem.surplus_total,problem.surplus_pr,problem.surplus_cs,problem.cost_pr,problem.value_cs,problem.error_diagnostics,problem.pass,solution.error_diagnostics,solution.pass,evaluation.viol_sd_t_u_on_max.val,evaluation.viol_sd_t_u_on_max.idx.0,evaluation.viol_sd_t_u_on_max.idx.1,evaluation.viol_sd_t_u_on_min.val,evaluation.viol_sd_t_u_on_min.idx.0,evaluation.viol_sd_t_u_on_min.idx.1,evaluation.sum_sd_some_su_after_t_start,evaluation.sum_sd_some_sd_after_t_start,evaluation.sum_sd_t_su,evaluation.sum_sd_t_su_t_start,evaluation.sum_sd_t_sd,evaluation.sum_sd_t_sd_t_start,evaluation.viol_sd_t_d_up_min.val,evaluation.viol_sd_t_d_up_min.idx.0,evaluation.viol_sd_t_d_up_min.idx.1,evaluation.viol_sd_t_d_dn_min.val,evaluation.viol_sd_t_d_dn_min.idx.0,evaluation.viol_sd_t_d_dn_min.idx.1,evaluation.viol_sd_max_startup_constr.val,evaluation.viol_sd_max_startup_constr.idx.0,evaluation.viol_sd_max_startup_constr.idx.1,evaluation.sum_sd_t_z_on,evaluation.sum_sd_t_z_su,evaluation.sum_sd_t_z_sd,evaluation.sum_sd_t_z_sus,evaluation.viol_bus_t_v_max.val,evaluation.viol_bus_t_v_max.idx.0,evaluation.viol_bus_t_v_max.idx.1,evaluation.viol_bus_t_v_min.val,evaluation.viol_bus_t_v_min.idx.0,evaluation.viol_bus_t_v_min.idx.1,evaluation.viol_sh_t_u_st_max.val,evaluation.viol_sh_t_u_st_max.idx.0,evaluation.viol_sh_t_u_st_max.idx.1,evaluation.viol_sh_t_u_st_min.val,evaluation.viol_sh_t_u_st_min.idx.0,evaluation.viol_sh_t_u_st_min.idx.1,evaluation.viol_dcl_t_p_max.val,evaluation.viol_dcl_t_p_max.idx.0,evaluation.viol_dcl_t_p_max.idx.1,evaluation.viol_dcl_t_p_min.val,evaluation.viol_dcl_t_p_min.idx.0,evaluation.viol_dcl_t_p_min.idx.1,evaluation.viol_dcl_t_q_fr_max.val,evaluation.viol_dcl_t_q_fr_max.idx.0,evaluation.viol_dcl_t_q_fr_max.idx.1,evaluation.viol_dcl_t_q_fr_min.val,evaluation.viol_dcl_t_q_fr_min.idx.0,evaluation.viol_dcl_t_q_fr_min.idx.1,evaluation.viol_dcl_t_q_to_max.val,evaluation.viol_dcl_t_q_to_max.idx.0,evaluation.viol_dcl_t_q_to_max.idx.1,evaluation.viol_dcl_t_q_to_min.val,evaluation.viol_dcl_t_q_to_min.idx.0,evaluation.viol_dcl_t_q_to_min.idx.1,evaluation.viol_xfr_t_tau_max.val,evaluation.viol_xfr_t_tau_max.idx.0,evaluation.viol_xfr_t_tau_max.idx.1,evaluation.viol_xfr_t_tau_min.val,evaluation.viol_xfr_t_tau_min.idx.0,evaluation.viol_xfr_t_tau_min.idx.1,evaluation.viol_xfr_t_phi_max.val,evaluation.viol_xfr_t_phi_max.idx.0,evaluation.viol_xfr_t_phi_max.idx.1,evaluation.viol_xfr_t_phi_min.val,evaluation.viol_xfr_t_phi_min.idx.0,evaluation.viol_xfr_t_phi_min.idx.1,evaluation.viol_acl_t_u_su_max.val,evaluation.viol_acl_t_u_su_max.idx.0,evaluation.viol_acl_t_u_su_max.idx.1,evaluation.viol_acl_t_u_sd_max.val,evaluation.viol_acl_t_u_sd_max.idx.0,evaluation.viol_acl_t_u_sd_max.idx.1,evaluation.viol_xfr_t_u_su_max.val,evaluation.viol_xfr_t_u_su_max.idx.0,evaluation.viol_xfr_t_u_su_max.idx.1,evaluation.viol_xfr_t_u_sd_max.val,evaluation.viol_xfr_t_u_sd_max.idx.0,evaluation.viol_xfr_t_u_sd_max.idx.1,evaluation.sum_acl_some_su_after_t_start,evaluation.sum_acl_some_sd_after_t_start,evaluation.sum_acl_t_u_su,evaluation.sum_acl_t_u_su_t_start,evaluation.sum_acl_t_u_sd,evaluation.sum_acl_t_u_sd_t_start,evaluation.sum_xfr_some_su_after_t_start,evaluation.sum_xfr_some_sd_after_t_start,evaluation.sum_xfr_t_u_su,evaluation.sum_xfr_t_u_su_t_start,evaluation.sum_xfr_t_u_sd,evaluation.sum_xfr_t_u_sd_t_start,evaluation.sum_acl_t_z_su,evaluation.sum_acl_t_z_sd,evaluation.sum_xfr_t_z_su,evaluation.sum_xfr_t_z_sd,evaluation.sum_acl_t_z_s,evaluation.viol_acl_t_s_max.val,evaluation.viol_acl_t_s_max.idx.0,evaluation.viol_acl_t_s_max.idx.1,evaluation.sum_xfr_t_z_s,evaluation.viol_xfr_t_s_max.val,evaluation.viol_xfr_t_s_max.idx.0,evaluation.viol_xfr_t_s_max.idx.1,evaluation.viol_bus_t_p_balance_max.val,evaluation.viol_bus_t_p_balance_max.idx.0,evaluation.viol_bus_t_p_balance_max.idx.1,evaluation.viol_bus_t_p_balance_min.val,evaluation.viol_bus_t_p_balance_min.idx.0,evaluation.viol_bus_t_p_balance_min.idx.1,evaluation.sum_bus_t_z_p,evaluation.viol_bus_t_q_balance_max.val,evaluation.viol_bus_t_q_balance_max.idx.0,evaluation.viol_bus_t_q_balance_max.idx.1,evaluation.viol_bus_t_q_balance_min.val,evaluation.viol_bus_t_q_balance_min.idx.0,evaluation.viol_bus_t_q_balance_min.idx.1,evaluation.sum_bus_t_z_q,evaluation.sum_pr_t_z_p,evaluation.sum_cs_t_z_p,evaluation.sum_sd_t_z_rgu,evaluation.sum_sd_t_z_rgd,evaluation.sum_sd_t_z_scr,evaluation.sum_sd_t_z_nsc,evaluation.sum_sd_t_z_rru_on,evaluation.sum_sd_t_z_rrd_on,evaluation.sum_sd_t_z_rru_off,evaluation.sum_sd_t_z_rrd_off,evaluation.sum_sd_t_z_qru,evaluation.sum_sd_t_z_qrd,evaluation.viol_prz_t_p_rgu_balance.val,evaluation.viol_prz_t_p_rgu_balance.idx.0,evaluation.viol_prz_t_p_rgu_balance.idx.1,evaluation.viol_prz_t_p_rgd_balance.val,evaluation.viol_prz_t_p_rgd_balance.idx.0,evaluation.viol_prz_t_p_rgd_balance.idx.1,evaluation.viol_prz_t_p_scr_balance.val,evaluation.viol_prz_t_p_scr_balance.idx.0,evaluation.viol_prz_t_p_scr_balance.idx.1,evaluation.viol_prz_t_p_nsc_balance.val,evaluation.viol_prz_t_p_nsc_balance.idx.0,evaluation.viol_prz_t_p_nsc_balance.idx.1,evaluation.viol_prz_t_p_rru_balance.val,evaluation.viol_prz_t_p_rru_balance.idx.0,evaluation.viol_prz_t_p_rru_balance.idx.1,evaluation.viol_prz_t_p_rrd_balance.val,evaluation.viol_prz_t_p_rrd_balance.idx.0,evaluation.viol_prz_t_p_rrd_balance.idx.1,evaluation.viol_qrz_t_q_qru_balance.val,evaluation.viol_qrz_t_q_qru_balance.idx.0,evaluation.viol_qrz_t_q_qru_balance.idx.1,evaluation.viol_qrz_t_q_qrd_balance.val,evaluation.viol_qrz_t_q_qrd_balance.idx.0,evaluation.viol_qrz_t_q_qrd_balance.idx.1,evaluation.sum_prz_t_z_rgu,evaluation.sum_prz_t_z_rgd,evaluation.sum_prz_t_z_scr,evaluation.sum_prz_t_z_nsc,evaluation.sum_prz_t_z_rru,evaluation.sum_prz_t_z_rrd,evaluation.sum_qrz_t_z_qru,evaluation.sum_qrz_t_z_qrd,evaluation.viol_t_connected_base.val,evaluation.viol_t_connected_base.idx.0,evaluation.viol_t_connected_ctg.val,evaluation.viol_t_connected_ctg.idx.0,evaluation.info_i_i_t_disconnected_base.val,evaluation.info_i_i_t_disconnected_base.idx.0,evaluation.info_i_i_t_disconnected_base.idx.1,evaluation.info_i_i_t_disconnected_base.idx.2,evaluation.info_i_i_k_t_disconnected_ctg.val,evaluation.info_i_i_k_t_disconnected_ctg.idx.0,evaluation.info_i_i_k_t_disconnected_ctg.idx.1,evaluation.info_i_i_k_t_disconnected_ctg.idx.2,evaluation.info_i_i_k_t_disconnected_ctg.idx.3,evaluation.viol_pr_t_p_on_max.val,evaluation.viol_pr_t_p_on_max.idx.0,evaluation.viol_pr_t_p_on_max.idx.1,evaluation.viol_cs_t_p_on_max.val,evaluation.viol_cs_t_p_on_max.idx.0,evaluation.viol_cs_t_p_on_max.idx.1,evaluation.viol_pr_t_p_off_max.val,evaluation.viol_pr_t_p_off_max.idx.0,evaluation.viol_pr_t_p_off_max.idx.1,evaluation.viol_cs_t_p_off_max.val,evaluation.viol_cs_t_p_off_max.idx.0,evaluation.viol_cs_t_p_off_max.idx.1,evaluation.viol_pr_t_p_on_min.val,evaluation.viol_pr_t_p_on_min.idx.0,evaluation.viol_pr_t_p_on_min.idx.1,evaluation.viol_cs_t_p_on_min.val,evaluation.viol_cs_t_p_on_min.idx.0,evaluation.viol_cs_t_p_on_min.idx.1,evaluation.viol_pr_t_p_off_min.val,evaluation.viol_pr_t_p_off_min.idx.0,evaluation.viol_pr_t_p_off_min.idx.1,evaluation.viol_cs_t_p_off_min.val,evaluation.viol_cs_t_p_off_min.idx.0,evaluation.viol_cs_t_p_off_min.idx.1,evaluation.viol_pr_t_q_max.val,evaluation.viol_pr_t_q_max.idx.0,evaluation.viol_pr_t_q_max.idx.1,evaluation.viol_pr_t_q_min.val,evaluation.viol_pr_t_q_min.idx.0,evaluation.viol_pr_t_q_min.idx.1,evaluation.viol_cs_t_q_max.val,evaluation.viol_cs_t_q_max.idx.0,evaluation.viol_cs_t_q_max.idx.1,evaluation.viol_cs_t_q_min.val,evaluation.viol_cs_t_q_min.idx.0,evaluation.viol_cs_t_q_min.idx.1,evaluation.viol_pr_t_q_p_max.val,evaluation.viol_pr_t_q_p_max.idx.0,evaluation.viol_pr_t_q_p_max.idx.1,evaluation.viol_pr_t_q_p_min.val,evaluation.viol_pr_t_q_p_min.idx.0,evaluation.viol_pr_t_q_p_min.idx.1,evaluation.viol_cs_t_q_p_max.val,evaluation.viol_cs_t_q_p_max.idx.0,evaluation.viol_cs_t_q_p_max.idx.1,evaluation.viol_cs_t_q_p_min.val,evaluation.viol_cs_t_q_p_min.idx.0,evaluation.viol_cs_t_q_p_min.idx.1,evaluation.viol_sd_t_p_ramp_dn_max.val,evaluation.viol_sd_t_p_ramp_dn_max.idx.0,evaluation.viol_sd_t_p_ramp_dn_max.idx.1,evaluation.viol_sd_t_p_ramp_up_max.val,evaluation.viol_sd_t_p_ramp_up_max.idx.0,evaluation.viol_sd_t_p_ramp_up_max.idx.1,evaluation.viol_sd_max_energy_constr.val,evaluation.viol_sd_max_energy_constr.idx.0,evaluation.viol_sd_max_energy_constr.idx.1,evaluation.viol_sd_min_energy_constr.val,evaluation.viol_sd_min_energy_constr.idx.0,evaluation.viol_sd_min_energy_constr.idx.1,evaluation.viol_sd_t_p_rgu_nonneg.val,evaluation.viol_sd_t_p_rgu_nonneg.idx.0,evaluation.viol_sd_t_p_rgu_nonneg.idx.1,evaluation.viol_sd_t_p_rgd_nonneg.val,evaluation.viol_sd_t_p_rgd_nonneg.idx.0,evaluation.viol_sd_t_p_rgd_nonneg.idx.1,evaluation.viol_sd_t_p_scr_nonneg.val,evaluation.viol_sd_t_p_scr_nonneg.idx.0,evaluation.viol_sd_t_p_scr_nonneg.idx.1,evaluation.viol_sd_t_p_nsc_nonneg.val,evaluation.viol_sd_t_p_nsc_nonneg.idx.0,evaluation.viol_sd_t_p_nsc_nonneg.idx.1,evaluation.viol_sd_t_p_rru_on_nonneg.val,evaluation.viol_sd_t_p_rru_on_nonneg.idx.0,evaluation.viol_sd_t_p_rru_on_nonneg.idx.1,evaluation.viol_sd_t_p_rru_off_nonneg.val,evaluation.viol_sd_t_p_rru_off_nonneg.idx.0,evaluation.viol_sd_t_p_rru_off_nonneg.idx.1,evaluation.viol_sd_t_p_rrd_on_nonneg.val,evaluation.viol_sd_t_p_rrd_on_nonneg.idx.0,evaluation.viol_sd_t_p_rrd_on_nonneg.idx.1,evaluation.viol_sd_t_p_rrd_off_nonneg.val,evaluation.viol_sd_t_p_rrd_off_nonneg.idx.0,evaluation.viol_sd_t_p_rrd_off_nonneg.idx.1,evaluation.viol_sd_t_q_qru_nonneg.val,evaluation.viol_sd_t_q_qru_nonneg.idx.0,evaluation.viol_sd_t_q_qru_nonneg.idx.1,evaluation.viol_sd_t_q_qrd_nonneg.val,evaluation.viol_sd_t_q_qrd_nonneg.idx.0,evaluation.viol_sd_t_q_qrd_nonneg.idx.1,evaluation.viol_sd_t_p_rgu_max.val,evaluation.viol_sd_t_p_rgu_max.idx.0,evaluation.viol_sd_t_p_rgu_max.idx.1,evaluation.viol_sd_t_p_rgd_max.val,evaluation.viol_sd_t_p_rgd_max.idx.0,evaluation.viol_sd_t_p_rgd_max.idx.1,evaluation.viol_sd_t_p_scr_max.val,evaluation.viol_sd_t_p_scr_max.idx.0,evaluation.viol_sd_t_p_scr_max.idx.1,evaluation.viol_sd_t_p_nsc_max.val,evaluation.viol_sd_t_p_nsc_max.idx.0,evaluation.viol_sd_t_p_nsc_max.idx.1,evaluation.viol_sd_t_p_rru_on_max.val,evaluation.viol_sd_t_p_rru_on_max.idx.0,evaluation.viol_sd_t_p_rru_on_max.idx.1,evaluation.viol_sd_t_p_rrd_on_max.val,evaluation.viol_sd_t_p_rrd_on_max.idx.0,evaluation.viol_sd_t_p_rrd_on_max.idx.1,evaluation.viol_sd_t_p_rru_off_max.val,evaluation.viol_sd_t_p_rru_off_max.idx.0,evaluation.viol_sd_t_p_rru_off_max.idx.1,evaluation.viol_sd_t_p_rrd_off_max.val,evaluation.viol_sd_t_p_rrd_off_max.idx.0,evaluation.viol_sd_t_p_rrd_off_max.idx.1,evaluation.viol_acl_acl_t_s_max_ctg.val,evaluation.viol_acl_acl_t_s_max_ctg.idx.0,evaluation.viol_acl_acl_t_s_max_ctg.idx.1,evaluation.viol_acl_acl_t_s_max_ctg.idx.2,evaluation.viol_xfr_acl_t_s_max_ctg.val,evaluation.viol_xfr_acl_t_s_max_ctg.idx.0,evaluation.viol_xfr_acl_t_s_max_ctg.idx.1,evaluation.viol_xfr_acl_t_s_max_ctg.idx.2,evaluation.viol_acl_dcl_t_s_max_ctg.val,evaluation.viol_acl_dcl_t_s_max_ctg.idx.0,evaluation.viol_acl_dcl_t_s_max_ctg.idx.1,evaluation.viol_acl_dcl_t_s_max_ctg.idx.2,evaluation.viol_xfr_dcl_t_s_max_ctg.val,evaluation.viol_xfr_dcl_t_s_max_ctg.idx.0,evaluation.viol_xfr_dcl_t_s_max_ctg.idx.1,evaluation.viol_xfr_dcl_t_s_max_ctg.idx.2,evaluation.viol_acl_xfr_t_s_max_ctg.val,evaluation.viol_acl_xfr_t_s_max_ctg.idx.0,evaluation.viol_acl_xfr_t_s_max_ctg.idx.1,evaluation.viol_acl_xfr_t_s_max_ctg.idx.2,evaluation.viol_xfr_xfr_t_s_max_ctg.val,evaluation.viol_xfr_xfr_t_s_max_ctg.idx.0,evaluation.viol_xfr_xfr_t_s_max_ctg.idx.1,evaluation.viol_xfr_xfr_t_s_max_ctg.idx.2,evaluation.z,evaluation.z_max_energy,evaluation.z_min_energy,evaluation.z_base,evaluation.z_value,evaluation.total_switches,evaluation.total_switches_su_t_start,evaluation.total_switches_sd_t_start,evaluation.total_switches_su_after_t_start,evaluation.total_switches_sd_after_t_start,evaluation.z_cost,evaluation.z_penalty,evaluation.z_k_worst_case,evaluation.z_k_average_case,evaluation.phys_feas,evaluation.feas,evaluation.infeas,evaluation.time_run,evaluation.time_connectedness,evaluation.time_post_contingency,evaluation.pass,evaluation.error_diagnostics,evaluation.infeas_diagnostics
C:\Users\thoma\Documents\go3-division2-cpu\tmp\official_tiny\source_features_problem.json,C:\Users\thoma\Documents\go3-division2-cpu\tmp\pilot002_component_gate_r_75l1ov\native_scheduling_worker\candidate_final.json,main,bb5df337553b21ab8be89ae5f9106958541730d4,Wed Sep 6 11:03:53 2023 -0700,0,,0,,C:\Users\thoma\Documents\go3-division2-cpu\.cache\upstream\C3DataUtilities\datautilities,"commit bb5df337553b21ab8be89ae5f9106958541730d4
Author: Jesse T Holzer <jesse.holzer@pnnl.gov>
Date:   Wed Sep 6 11:03:53 2023 -0700

    switches after start
","* main
",main,5472a2373f456cc7e9923cdd31be1d4345d9830f,Tue Nov 8 14:27:58 2022 -0700,0,,0,,C:\Users\thoma\Documents\go3-division2-cpu\.cache\upstream\GO-3-data-model\datamodel,"commit 5472a2373f456cc7e9923cdd31be1d4345d9830f
Author: Tarek Elgindy <tarek.elgindy@nrel.gov>
Date:   Tue Nov 8 14:27:58 2022 -0700

    updating to correct release number
","* main
",,,,,,,,,,,100.0,1000.0,1000.0,500.0,1000.0,2,2,0,1,1,2,1,1,1,1,3,3,1.75,"[0.5, 1.0, 0.25]",1.0,1.0,0.0,0.0,1,1,2,1,100.0,100.0,100.0,0.0,100.0,100.0,100.0,0.0,100.0,100.0,100.0,0.0,100.0,100.0,100.0,0.0,100.0,100.0,100.0,0.0,100.0,100.0,100.0,0.0,100.0,100.0,100.0,0.0,100.0,100.0,100.0,0.0,0.01,0.01,0.01,0.0,0.01,0.01,0.01,0.0,0.05,0.05,0.05,0.0,0.05,0.05,0.05,0.0,0.0,0.0,0.0,0.0,0.0,0.0,0.0,0.0,0.0,0.0,0.0,0.0,0.0,0.0,0.0,0.0,0.0,0.0,0.0,0.0,0.0,0.0,0.0,0.0,0.0,0.0,0.0,0.0,0.0,0.0,0.0,0.0,0.0,0.0,0.0,0.0,0.0,0.0,0.0,0.0,0.0,0.0,0.0,0.0,0.0,0.0,0.0,0.0,0.0,0.0,0.0,0.0,0.0,0.0,0.0,0.0,0.0,0.0,0.0,0.0,0.0,0.0,0.0,0.0,"[{'fixed_demand': 0.0, 'num_pr_block': 1, 'num_cs_block': 1, 'p_min_pr': 0.0, 'p_max_pr': 3.0, 'p_min_cs': 0.0, 'p_max_cs': 1.0, 'lambda_min_pr': 10.0, 'lambda_max_pr': 10.0, 'lambda_min_cs': 1000.0, 'lambda_max_cs': 1000.0, 'p_min': 1.0, 'p_max': 1.0, 'p_med': 1.0, 'lambda_min': 10.0, 'lambda_max': 10.0, 'lambda_med': 10.0, 'surplus_total': 990.0, 'value_exchanged': 10.0, 'surplus_pr': 0.0, 'surplus_cs': 990.0, 'cost_pr': 10.0, 'value_cs': 1000.0}, {'fixed_demand': 0.0, 'num_pr_block': 1, 'num_cs_block': 1, 'p_min_pr': 0.0, 'p_max_pr': 3.0, 'p_min_cs': 0.0, 'p_max_cs': 1.0, 'lambda_min_pr': 10.0, 'lambda_max_pr': 10.0, 'lambda_min_cs': 1000.0, 'lambda_max_cs': 1000.0, 'p_min': 1.0, 'p_max': 1.0, 'p_med': 1.0, 'lambda_min': 10.0, 'lambda_max': 10.0, 'lambda_med': 10.0, 'surplus_total': 990.0, 'value_exchanged': 10.0, 'surplus_pr': 0.0, 'surplus_cs': 990.0, 'cost_pr': 10.0, 'value_cs': 1000.0}, {'fixed_demand': 0.0, 'num_pr_block': 1, 'num_cs_block': 1, 'p_min_pr': 0.0, 'p_max_pr': 3.0, 'p_min_cs': 0.0, 'p_max_cs': 1.0, 'lambda_min_pr': 10.0, 'lambda_max_pr': 10.0, 'lambda_min_cs': 1000.0, 'lambda_max_cs': 1000.0, 'p_min': 1.0, 'p_max': 1.0, 'p_med': 1.0, 'lambda_min': 10.0, 'lambda_max': 10.0, 'lambda_med': 10.0, 'surplus_total': 990.0, 'value_exchanged': 10.0, 'surplus_pr': 0.0, 'surplus_cs': 990.0, 'cost_pr': 10.0, 'value_cs': 1000.0}]",17.5,1732.5,0.0,1732.5,17.5,1750.0,,1,,1,0,g,0,0,g,0,0,0,0,0,0,0,0,g,0,0,g,0,0,g,0,0.17500000000000002,0.0,0.0,0.0,0.0,b0,0,0.0,b0,0,0,sh,0,0,sh,0,,,,,,,,,,,,,,,,,,,0.0,x0,0,0.0,x0,0,0.0,x0,0,0.0,x0,0,0,a0,0,0,a0,0,0,x0,0,0,x0,0,0,0,0,0,0,0,0,0,0,0,0,0,0.0,0.0,0.0,0.0,0.0,0.0,a0,0,0.0,0.0,x0,0,1.2212453270876722e-15,b1,1,-2.7755575615628914e-16,b0,2,1.6653345369377348e-12,1.9290125052862095e-15,b0,0,-1.915134717478395e-15,b1,0,4.250072516143177e-12,17.548479277844596,1749.9999846911319,0.001929847926253573,0.0001749999984691132,0.0,0.0,0.0,0.0,0.0,0.0,0.0,0.0,0.0,pr,0,0.0,pr,0,0.0,pr,0,0.0,pr,0,0.0,pr,0,0.0,pr,0,0.0,qr,0,0.0,qr,0,0.0,0.0,0.0,0.0,0.0,0.0,0.0,0.0,0,0,0,0,0,,,,0,,,,,0.0,g,0,0.0,d,0,0.0,g,0,0.0,d,0,0.0,g,0,0.0,d,0,0.0,g,0,0.0,d,0,0.0,g,0,0.0,g,0,0.0,d,0,0.0,d,0,0.0,g,0,0.0,g,0,,,,,,,0.0,g,0,0.0,g,0,0.0,g,0,0.0,g,0,-0.0,g,0,-0.0,g,0,-0.0,g,0,-0.0,g,0,-0.0,g,0,-0.0,g,0,-0.0,g,0,-0.0,g,0,-0.0,g,0,-0.0,g,0,0.0,g,0,0.0,g,0,0.0,g,0,0.0,g,0,0.0,g,0,0.0,g,0,0.0,g,0,0.0,g,0,0.0,,,,0.0,,,,0.0,,,,0.0,,,,0.0,,,,0.0,,,,1732.2744005653567,0.0,0.0,1732.2744005653567,1749.9999846911319,0,0,0,0,0,17.725584125769316,5.915407053080912e-12,0.0,0.0,1,1,0,0.004998922348022461,0.0009980201721191406,0.0029942989349365234,1,,{}
